99 27793.5 34607.1
98 31089.9 34650
97 30411.4 36863.9
96 30921 35846.2
95 24459.3 32924.1
94 30029.6 34516.2
93 34160.3 37842.9
92 29507.8 33060.4
91 27999 35055.9
90 28559.4 34834.8
89 30603.9 35384.4
88 30731.2 32760.4
87 30014 34898.6
86 29106.5 35529.3
85 32094.2 35393
84 29101.7 35467.3
83 24083.6 32282.6
82 28371.8 33751.2
81 28938 33534.9
80 27119.8 36037.7
79 27340.8 33542.1
78 31636.9 37375.7
77 27841.1 34303
76 32173.6 34262.8
75 27426.3 35695.2
74 29880.4 34413.2
73 30567 33745
72 27732.8 35367.3
71 30047.6 35055.6
70 26034.8 31235.2
69 28795.6 31457.8
68 28543.1 33063.6
67 30057 32611.7
66 29281.6 35061.5
65 29520.6 33226.4
64 27958.9 35385
63 28946.5 33349.1
62 29454.1 35430.5
61 29116 36115.9
60 30846.6 34946.1
59 27594.5 33086
58 27828.1 35156.7
57 26977.5 35661.8
56 29696.3 32815.7
55 30096.5 34376.9
54 31825.3 36208.6
53 28949.7 33670.2
52 30498.8 35723.1
51 34669.6 37536.2
50 29544.7 36062.9
49 28783.7 34233.4
48 29166.7 35308.3
47 29510.2 34061.5
46 29001.3 36001.7
45 30061.8 35969.6
44 29875.9 35422.1
43 29297.1 36030.5
42 27217.3 34448.4
41 27413 33850.2
40 28839.3 35587.1
39 26247.9 32869.4
38 26626.2 32439
37 33009.7 35590.1
36 29103.6 32740.6
35 26317.1 32756.7
34 29536 32103.1
33 27590.1 33581.2
32 28421.2 33359.7
31 32033.1 34712.3
30 27640 33877.3
29 29095.3 33378.3
28 31565.1 34710.5
27 31431 34666.4
26 24941.8 34414.8
25 29020.9 34505.9
24 30638.9 34598.2
23 30141.4 33365.2
22 25935.1 35200.9
21 32188.1 36472
20 31311.3 34064.3
19 31608.2 34034
18 27528.8 34325.7
17 28891.9 34833.6
16 28815.3 33317
15 28676.1 33733.8
14 27978.7 33989
13 27988.6 33769.2
12 28076.9 33751.2
11 27487.6 33266
10 28635.9 33226.6
9 29612.4 35426.1
8 30124.1 34499
7 28912.3 33984.5
6 27671.4 33355.2
5 32095 35603.4
4 30183.4 36319.9
3 27304.6 32690.1
2 27881.5 33487
1 32487.1 36219.7
0 28895 35371.9
Profit: 37842.86
Weight: 37539 Max Capacity: 37539
