32,40,39,36,35
82,286,90,141,243,446,38,344,191,35,188,494,239,392,238,442
5,6,15,40
259,361,55,463,362,413,56,260,422,320,269,14,39,192,345,294
44,50,20,23
94,349,196,253,478,376,481,73,430,328,175,379
36,35,46,25,4,6,5,24,48,38
290,136,147,177,228,75,24,330,3,54,309,464,106,4,23,455,394,496
39,37,38,5,24,48,34
497,87,342,37,445,190,310,227,380,482,47,98,200,492

berlin52-TTP:
25,4,24,38,40,32
279,228,177,75,126,24,54,207,3,309,380,496,498,294,39,286,82
35,46,16,44
289,442,147,351,402,249,453,504,45,198,270,15,196,349,94
5,6,15,40,36,35
55,4,361,310,259,260,362,14,218,269,422,320,192,290,239,136
34,48,24,38,40,39,36
492,47,200,455,98,227,482,445,345,141,344,497,38,86
50,20,23
253,355,274,70,376,478,73,430,175,481,328,379

